0 0 0.03206349327450708 0.04551490727470868 0.062494535693359284 0.06209372886022163 0.1094492197852504 0 0.15132773849506273
0 0.21768019920900755 0.0037129469290799635 0.3120523046176889 0 0.3477606030847909 0.035439086464487506 0.36306424296859235 0.07731762937942349 0.35668775067472935 0.12807945263607576 0.33118178149927757 0.16107471520929528 0.30184987802848784 0.17503410042028172 0.24828738167905964 0.17503410042028159 0.1883482957382179 0.13696273297779232 0.15391527627037832 0.06589619978257771 0.17432003215122935 0.02909385855740595
0 0.5328443585609904 0.017650794861986206 0.5607355040783429 0.025286731495206518 0.5773143256638559 0.018941503588125005 0.5951685235461822 0.03543908646448756 0.6104720661324331 0.053205743968414744 0.591342589250844 0.06589619978257778 0.620674492721634 0.08112475644162294 0.6002697368407828 0.09127720823139822 0.6066462291346457 0.10777469428726662 0.591342589250844 0.11792704925654776 0.5556342907837423 0.12554135179119386 0.5326788796068154 0.11919612388411227 0.5301283216082907 0.10523664185263161 0.5161000580213024 0.08366285728650492 0.5122741237259643 0.05955097187549626 0.513549402725227 0.04178431437156907
0 0.7002550728467047 0.1763809535921449 0.7392771910089537 0.18137932832736314 0.760957420484169 0.18137932832736312 0.7749855867736065 0.19914608265178455 0.790289129359857 0.20929834080057144 0.8004915559490581 0.22833402452181606 0.8132445405367841 0.2537149361501421 0.8094186062414458 0.27275061987138677 0.813244540536784 0.29813153149971305 0.8094186062414458 0.3298576710351209 0.8017669322458714 0.3425481268492839 0.7890139476581457 0.34127910063196637 0.7762609630704198 0.34127910063196654 0.7686090944797435 0.35016238097368296 0.7647831601844054 0.360314784353211 0.7596820441873556 0.37173621395005674 0.7431031253042919 0.3818885205090908 0.7290749590148543 0.38188852050909067 0.7163219744271287 0.37300524016737413 0.6780630206639511 0.36792903847761005 0.6576581674855488 0.3527005302288119 0.651281675191686 0.3438171530666014 0.6308769193108347 0.3184362414382751 0.6142980004277708 0.295593479065078 0.6168485584262958 0.26513636574698785 0.6130227214285087 0.23975545411866153 0.6232250507201588 0.22071977039741694 0.6359780353078847 0.2004150120486078 0.6691357757764618 0.18518650379980967
0 0.8118622157038475 0.3828571440681579 0.8476775600046237 0.3975424444543026 0.8578799865938246 0.4381519127416739 0.85022831259825 0.4698780522770816 0.8145199168335974 0.4927208630605257 0.7788115210689446 0.47749235481172775 0.753305551893493 0.45718759646291857 0.7456536833028168 0.4178472028031117 0.7788115210689447 0.3848519886401394
0 0.5033470734335765 0.4965280385329724 0.5097235657274395 0.440690013586556 0.5339541586060779 0.3848519886401395 0.6002697368407828 0.39627341823698514 0.6283262640147596 0.3988115190818672 0.6449051828978233 0.42165432986531126 0.6665852177779368 0.450842368555837 0.6525570514884994 0.4749542539668457 0.6500062988948729 0.5003351655951719 0.6423546248992985 0.5460207871620602 0.6053709501353832 0.567594668548681 0.5785896046631182 0.5752088742628331 0.5326788796068154 0.5625184184486698
0 0.4706632361120108 0.7034920647030787 0.5518083564884042 0.7071896825044752 0.5658366200753925 0.7109967127461804 0.5709378333699932 0.7439919269091527 0.55435901178448 0.7719109393823609 0.5365048139021535 0.7960228247933696 0.4829422202551744 0.8112513330421676 0.4370314951988718 0.7947537017555579 0.41790201831728296 0.7655657114752794 0.43448093720034703 0.7135349104115567 0.4714646119642617 0.7059205594666634 0.4740151699627866 0.7046514848390989 0.47911638325738704 0.7059205594666634
0 0.34630099121405156 0.8146031758141897 0.3872948358472305 0.794753701755558 0.42045267361335853 0.7871394476311591 0.44468326649199696 0.8163275347319319 0.4306550029050088 0.8620131562988201 0.40004782043495657 0.8759726383303005 0.3617888666717791 0.8861250417098289 0.34010883179166523 0.8886630941444639 0.32735584720393945 0.8696274104232192 0.31587814161547606 0.8594751038641852 0.31460286261621384 0.8353632184531764
0 0.5232780320303781 0.8606349218459358 0.6015450158400453 0.8747036121129833 0.6296015430140219 0.9241964091523182 0.6385286906039603 0.9609987503774899 0.6181239347231091 0.9965319685648502 0.4791163832573873 0.9952629423475328 0.4548856930811981 0.9635368028121248 0.44340798749273475 0.9089678040830259 0.48549287555125015 0.8785107875854299
0 0.7863520116222149 0.8780952393062532 0.8438518203043868 0.8759726383303007 0.8846613320660893 0.8975464713066746 0.9241954675309784 0.9305416370593996 0.9407743864140427 0.9648058290294425 0.9356732704169929 0.991455766875086 0.7316255170133795 0.993993916130215 0.7494796175981546 0.9457701453081977 0.740552567305767 0.926734461586953 0.7724350287750816 0.9064297516483908 0.7966656216537198 0.8747036121129831
0 0.13743619529568424 0.9971428583538724 0.15391527627037835 0.978765311060923 0.14371284968117726 0.9660748552467598 0.11183038821186274 0.9546535224704085 0.10800455121407553 0.9495773207806442 0.0812232057418105 0.9457701453081977 0.06719494215482223 0.9370421388092515 0.03913841498084577 0.9548088931336727 0.03913841498084571 0.9825724865333695 0.0518913995685716 1 0.1424375706819149 0.9952629423475329
0 0.17559531115049193 0.2120827790360041 0.25721443197144744 0.20700657734623995 0.2980239437331499 0.25523034816825746 0.31970407591081423 0.32883498220835405 0.28527095914542383 0.3973634145586864 0.19089895103429336 0.3999015154035686 0.12330809380032612 0.34533266190521084 0.113105667211125 0.2933017156107468 0.12713402809566407 0.2717279310446202 0.13733635738731426 0.23873271688164785