0 0.17673200220843543 0.1871895434809666 0.20436188801529012 0.21403263438049047 0.20017955993898506 0.2516561073692061 0.16567553279483208 0.2652423919581788 0.13221698795566392 0.24747572591126685 0.1332625500319218 0.21298757389986017 0.18240476532877947 0.1805895428497141 0.18240476532877947 0.19208564667653272
0 0.4145230561940751 0.23806984271386455 0.41243193204155887 0.19522090785294824 0.44066250695689074 0.17013857923805037 0.4688931616434959 0.1586425252453096 0.4960781744825696 0.16804840844271185 0.4939869705587806 0.1994012893108875 0.49085028433000655 0.2265737986879394 0.47725773802483296 0.26106197063297726 0.45216384933827514 0.2673325527867017
0 0.27869278652216095 0.17542483759861366 0.25664078954092184 0.1941758075050556 0.230501338778106 0.23911498292901948 0.23677479100692722 0.2662874524388091 0.2535040235408747 0.2850991789663514 0.28696256838004275 0.2903246607721832 0.323557799447985 0.24016004340964978 0.32146659552419593 0.2004463896587801
0 0.6028757930581088 0.2760784323698555 0.6267754282966487 0.2579266895229305 0.6623250175170599 0.2537462881313602 0.6759175638222334 0.27778351639836546 0.6508237549069487 0.3164520698013425 0.6131828819914755 0.3185422704971278 0.5922713213812226 0.2976403432738003
0 0.7518954009012458 0.12575163498423458 0.7794298845685117 0.1523719630252163 0.7825664910260128 0.16177780635535627 0.7898856648736382 0.1973111284823646 0.7710652284159016 0.21716791549053716 0.7240142170428332 0.21507773472838307 0.7020570145850493 0.18999542604711636 0.7031026564325804 0.15759744483104818 0.7281964653478652 0.13042492548718065 0.757472682110728 0.1283347247913955
0 0.389429167507517 0.3258579330651137 0.36224415466844334 0.35198536202790415 0.3496972502108008 0.38124805216711005 0.3559707024396219 0.4052852605004842 0.37688226304987466 0.4220068261995035 0.40615847981273784 0.43350287022542866 0.4437992729569381 0.3948342968888205 0.43752582072811685 0.3697520081411849 0.3894291675075171 0.32690303341300625
0 0.58196076037837 0.4133333343306399 0.5535849661607644 0.42409698702802645 0.5504482001607173 0.4481342352286628 0.5441747479318961 0.4690361624519903 0.5535849661607644 0.4982988525911963 0.5724053228472279 0.5150203784229533 0.6058638676863962 0.5014341337012429 0.6236386622966016 0.4878478889795326 0.6267754282966487 0.42618718772381164 0.5974992115337858 0.40737546119626933
0 0.7388235054764093 0.3610457526312934 0.7658373382633384 0.330038334456684 0.7898856648736383 0.33003833445668407 0.8128883496364069 0.3363088966767774 0.8181162397889702 0.38542845355868055 0.7836121328735439 0.42827738841959684 0.7501536678056488 0.42409698702802645 0.7376067633480066 0.4115558625878398 0.7292421071953962 0.3843833332771567 0.7417890116530387 0.36452652633535304
0 0.18196076037837006 0.40679738661822157 0.1468550963370954 0.4261871877238117 0.13221698795566383 0.4606753596688494 0.13849044018448498 0.5045694148112896 0.1625387667947848 0.5306968238404489 0.20540745009154826 0.5474183895394682 0.23050133877810605 0.5066596155070747 0.230501338778106 0.4544047974487561 0.21272654416790046 0.41364602341636264
0 0.32575161005157277 0.4786928114548228 0.2859170063037848 0.5202458602287852 0.2765067880749166 0.554734032173823 0.2848713644562536 0.5798164405232454 0.3162387053716327 0.5871320432903379 0.3465604842107537 0.5557791524553467 0.3580618265921381 0.5192007798145237
0 0.7283659891365399 0.5192156872718163 0.7146039190426915 0.5515987510637764 0.726105341195349 0.5704104775913186 0.7459712599580707 0.5662301160670106 0.7532904338056959 0.5442830685621592 0.7553815579582117 0.5160654987044772
0 0.8329411525352328 0.524444445441751 0.8066148176363125 0.5275616224649269 0.7783842427209808 0.5463732692579445 0.7721107107208867 0.5923575250961699 0.7794298845685119 0.6226652956496371 0.8066148176363127 0.637296740387396 0.8672583753145545 0.5975830069020016 0.8693494994670706 0.5453281888436831
0 0.5989542244306578 0.5728104585136464 0.6184107721440385 0.5766810796786742 0.6382768504493062 0.5944477257919552 0.6330489602967431 0.6289358977369928 0.6016815396100909 0.6655142703778157 0.5839067449998854 0.6561083871804135 0.5588128563133276 0.6310260984327781 0.5671774326946648 0.596537886620478
0 0.40026141397314136 0.5884967330234503 0.3716543728973117 0.6080339705136655 0.3716543728973117 0.6571535074619375 0.3883836054312592 0.6707397521836477 0.4218421502704274 0.6623789892677693 0.44170806903314874 0.6195300145395906 0.43020672665176435 0.591312404814646
0 0.2734640283522263 0.6564705892326007 0.23154690085436397 0.6623789892677693 0.20645301216780618 0.6853711171868819 0.20749865401533735 0.738671015659462 0.2388659949307163 0.7480768988568642 0.2650054456935322 0.7355356946821529 0.29532714476138017 0.6822357962095728
0 0.5270587995940563 0.7571241840038424 0.5682230745421959 0.758527862468528 0.5912257593049645 0.7846552714976872 0.5901801972287066 0.8191434035754629 0.574496526771017 0.8379551699702674 0.5483570760082012 0.8630374985851653 0.5263999533216904 0.8599021776078561 0.5054883927114381 0.8421355713618377 0.4971237365588276 0.8212336441385103 0.4971237365588277 0.7930159945463034 0.508625078940212 0.7710689869087145 0.5295366395504647 0.7574827820542663
0 0.6603921329273897 0.7793464062260647 0.664416301212122 0.755392541491219 0.6832365781273125 0.7397160960737232 0.7020570145850492 0.7324004534393688 0.7302875895003812 0.7303102128763211 0.7532904338056962 0.7470318184426028 0.759563806263244 0.7710689869087146 0.7606094481107754 0.791970914132042 0.7459712599580706 0.8097376001125852 0.7146039190426915 0.8243688853812945 0.6905557519749379 0.813917921769631 0.6769632056697644 0.8013767973294444 0.6570971273644969 0.7742043078860237
0 0.16985778109986396 0.8160081623326786 0.1886782175576006 0.8160081623326784 0.19808843578646892 0.8337747685786969 0.20436188801529018 0.8515414545592399 0.1959972318626798 0.8640825789994269 0.1824047653287794 0.8755786230253519 0.1719489850236531 0.8808041048311835 0.1625387667947848 0.8787139440026608 0.15312854856591646 0.8630374985851651 0.15208298648965846 0.8452708126046221 0.15312854856591648 0.8327296881644355 0.16149320471852682 0.8212336441385103 0.1729945470999112 0.8139179217696308