0 0.43356640573039396 0.027697263708437125 0.4492324654081471 0.07755802314448375 0.4309928668977603 0.1329178523717052 0.36533029370608855 0.11746864110480865 0.3337150081756971 0.08528265333385446 0.3726261145559642 0.022198218473184723
0 0.2587412309052191 0.15330112844273666 0.29966772051441687 0.19342740231727723 0.2765642105136477 0.25779927963549587 0.21090173009337138 0.25651183717794696 0.20603781860298903 0.1985771721474727 0.20846972796248253 0.16896614295938356
0 0.1386439368948816 0.058293076912945975 0.1610467532811976 0.09686958633994933 0.1561829345622107 0.13935504010352706 0.1269995583913127 0.16896614295938353 0.09903213690016135 0.15866660329899263 0.0625529398793876 0.13034301656845232 0.060121030519894265 0.07755802314448372 0.09538427286092124 0.060821332586154644
0 0.15384612601011424 0.2740740753026401 0.1719905309417088 0.31058424850354194 0.18658226541285544 0.3479199078810019 0.1573988892419574 0.39040533708865716 0.10146413903105021 0.3891179191870308 0.07349671753989878 0.3620817503581169 0.0722807628601521 0.32088373905208806 0.10024809157990813 0.27968572774605915
0 0.5171784458641733 0.5027375213573904 0.49300748327879673 0.45735209932197346 0.450448420087894 0.45735209932197346 0.4261289554073781 0.4908255049945541 0.42856086476687155 0.5500477107062671 0.4699039732780275 0.5822336493653765 0.5003033041286723 0.5577722181160256
0 0.4670112217839056 0.6315619980079541 0.49179152859904995 0.6852286530745262 0.48327966029803215 0.7277139840584915 0.43220882157750723 0.7380135237188826 0.3823539375367287 0.6981030285381699 0.3884338037068577 0.6569049190084513 0.4066734022172446 0.6363059379113593
0 0.3469139277735681 0.7571658627422536 0.39694557923648 0.7959482133052792 0.390865713066351 0.8641823443283769 0.28264407668377667 0.864182344328377 0.2789962126445366 0.8075351708672964
0 0.12040130995660255 0.6847020946263116 0.15983079860145094 0.7071150029613996 0.1865822654128555 0.7367261058172562 0.17199053094170882 0.7637622746461699 0.15010306839208185 0.7830738378416356 0.10997591456067254 0.784361255743262 0.06863280604951653 0.7418757774237618 0.07714467435053442 0.7032527001446754
0 0.7884889234842265 0.026060521289908854 0.7690334630654881 0.07369570804979839 0.7325542660447146 0.08528265333385447 0.6985069783834343 0.08528265333385447 0.6778354705135539 0.06339621750125238 0.6766194230624119 0.031210278842143075
0 0.996047402994 0.06151368882921007 0.9648050424179659 0.06339621750125238 0.9392697158290989 0.10201933161422234 0.9514294481693569 0.14064248256107592 0.9721009560392372 0.15995404575654149 1 0.16252895522756167
0 0.9914867462594302 0.27729468721890416 0.9635891805096146 0.30929678149007067 0.9562932668883435 0.34019530224755357 0.9757489128498723 0.37624354372338703 1 0.39684252482047905
0 0.9930069651709534 0.6734299529193872 0.958725176247837 0.7161270756083192 0.9672371373202501 0.7573250869143482 0.9830446409283529 0.7766366501098136 1 0.7895110255734574
0 0.850503632636658 0.4586395663354448 0.8906307864680674 0.4934003407978069 0.882119010938445 0.5654968728613188 0.856583498806787 0.5757964616335545 0.8115925262563906 0.5719340605931406 0.7824090573140972 0.5448978917642268 0.781193195405746 0.47795112953091035 0.7994327939161331 0.46250186915216895
0 0.855367451355645 0.6993903482161065 0.8663113217875514 0.7187019605234171 0.8699592785981869 0.7792114859130665 0.827400215407284 0.8023854010371012 0.7897049709353685 0.7972356312069058 0.7593056400847238 0.7405883595221354 0.7933529277460039 0.6865159727524627
0 0.629196448381127 0.7470255472539572 0.6486520015712605 0.7560376690127218 0.670539556892283 0.8036728189387274 0.6510840964735449 0.8345713396962103 0.62433262966214 0.860320090623498
0 0.6220735507592782 0.5993558788453132 0.6632438288138025 0.5822336493653764 0.7021549351940697 0.5848084360567843 0.7021549351940697 0.61828179261752 0.6997230258345764 0.6646295737537443 0.6571639626436737 0.6813662520341122 0.6194687181717576 0.6672044095569971
0 0.6920036206893481 0.3400966195860539 0.7313382185935723 0.34148272014917996 0.7666015537059946 0.3710937738931917 0.7653855062548527 0.4161540880159446 0.7520097264634525 0.4663641719688932 0.6693236949839315 0.4676515898705194 0.6450042303034154 0.42130385784614 0.6462200922117672 0.36980635599156514
0 0.7999391634074996 0.1903381654797737 0.8310479866751291 0.2191761532445647 0.831047986675129 0.2719611466685333 0.799432793916133 0.2899852182946051 0.759305640084724 0.30800936358844433 0.7167465768938212 0.26809879473996434 0.7082348013641988 0.2088766626960187 0.73620222285535 0.19085254195810197