0 0.13450444188620855 0.18939910593755202 0.21449110310135477 0.23762282834932238 0.265276321726254 0.3010751074201379 0.2563889472129436 0.36325836027363595 0.2119518809161566 0.4076749556232067 0.13450444188620855 0.4279796655617689 0.06975321064736806 0.3734107152429169 0.04689992038523377 0.30868936154453686 0.039282156964522384 0.2718870445244886 0.06975321064736799 0.21858714462807768
0 0.5052364991019268 0.16782532137142536 0.5331683305995747 0.18686100509266998 0.5407861908854034 0.23254665086468182 0.5268201782714623 0.25285136080324394 0.5280898862291785 0.29599892993549726 0.5179328037581518 0.34422267655239125 0.4696868073184504 0.36833451355315283 0.43286760130749247 0.34422267655239125 0.4201712966512673 0.29726795615281476 0.43794604567788825 0.24904428215129154 0.44302458691340174 0.19955146090683304 0.4658779740406531 0.16782532137142533
0 0.6003174312531003 0.005079366290380089 0.7604322033190227 0.0027537501661598894 0.7667803556471351 0.03828701676376715 0.7261522194932627 0.0890488400204195 0.6525136137411116 0.09793216877238316 0.6093461585369238 0.04970842215548923
0 0.8543849740132274 0.0027537501661598815 0.9496072589349137 0.0027537501661598976 0.9508767731623953 0.029403712216927082 0.9089789290508064 0.0547845996401298 0.8810470975531587 0.05097747257793022
0 0.9352380661737352 0.14641269962406828 0.9597641476757057 0.15884634699831657 0.9686517159192509 0.17915110534712578 0.9610338556334224 0.21087724488253357 0.9356412463209726 0.24387241063525866 0.8924738879819017 0.2641771205738207 0.863272348526538 0.25275573938722234 0.8315315868859756 0.21087724488253357 0.8620026405688216 0.17534392987467926
0 1 0.19057248653372438 0.969921230146733 0.19945581528568787 0.9610338556334223 0.24133430979037668 0.9407196906913686 0.27940567723286597 0.9534159953475931 0.33016750048951843 0.9800783126177592 0.35301031127296245 1 0.35047225883832755
0 0.9955555264911954 0.440063493274862 0.9559554112630261 0.4456506774445508 0.9343715383632563 0.4900672243838744 0.9331020241357747 0.5408290476405269 0.973730160289647 0.5903218446798617 1 0.5801695381208277
0 1 0.6432380964494653 0.9991227696020967 0.8149789396721182 0.9534159953475931 0.7667551688501009 0.9496072589349137 0.7020338635619677 0.9559554112630259 0.6639624961194786
0 0.866984097919767 0.7050793662903801 0.9039004846804104 0.7503570470268582 0.8950131101670998 0.8188854793771908 0.8315315868859756 0.8772615567582421 0.7540840509909101 0.8112712252527918 0.7743982159329641 0.738935714250507
0 0.6844444153800843 0.7796825408935548 0.7210737751228665 0.8036569711283925 0.7286914416784606 0.8404593123535644 0.7109166926518399 0.8823377584480062 0.6994899022230968 0.9077186700763323 0.6487046835981972 0.9178710734558606 0.5801447159466772 0.8975663635172986 0.5814143270392759 0.8531497681677277 0.5903017015525864 0.8201545055945083 0.6385476979922877 0.7833522611898306
0 0.623312171150865 0.6551786284206351 0.6601314740269404 0.7110166049568044 0.580144715946677 0.7808141119347015 0.5420558019780022 0.7655855552756563 0.5280898862291785 0.7249761353985322 0.5230113449936651 0.7008643468080176 0.5445950241632007 0.681828663086773 0.5687180223830512 0.6627929793655283 0.6042677141665277 0.6513714529481885 0.6334691567567745 0.6462952996686714
0 0.42651944897937993 0.45213133539402556 0.48238311197467537 0.4940098298987144 0.4798438897894771 0.5828430205978561 0.4557208915696266 0.6323357692269438 0.398587520616615 0.6666000096072336 0.3554200654124269 0.6044168051639828 0.34907191308431434 0.5371573506207207 0.3643075367908547 0.4940098298987144
0 0.6987301296657986 0.40666666787768174 0.7604322033190227 0.4356337041074159 0.7883640348166705 0.46735984364282357 0.8074084918010077 0.5092383865577595 0.7997908252454136 0.5574621089695299 0.7566232731761084 0.5929954723876313 0.6931417498949844 0.5853811214427381 0.6626706962121384 0.5282740702790042 0.6550528359263097 0.453400361611343