0 0.31297158046973256 0.007322656208099425 0.31102666610608753 0.053825938156796184 0.28515966491107386 0.1123704456437895 0.2521072576942587 0.161767405459768 0.1773802191678788 0.22580048342368014 0.12995721918530423 0.23311857739290526 0.07966014450514644 0.23311857739290515 0.05666721800771586 0.2056758645893439 0.01355543971043783 0.18189209408462048 0 0.14164278662543167 0 0.000769966251463441
0 0.5555155977173071 0 0.5740085575750522 0.04284883209821671 0.6070608551529456 0.0721211032893425 0.6271797069527927 0.07760970866151955 0.6587950768208164 0.0885867449295826 0.6932845213864235 0.08858674492958261 0.7306479310106918 0.07395062678164883 0.7593891165422099 0.04284883209821674 0.7852562273761458 0.0190651313840098 0.7910045960491556 0
0 0.8016528596648458 0.002745997169197822 0.7708856346103864 0.000769966251463441 0.7478928177518777 0.022724213263880532 0.7177144852326455 0.051996414664489926 0.7004698177693033 0.07029157979703618 0.7004698177693033 0.10871143355443516 0.7033438924668863 0.1489607759088822 0.7076551141521827 0.1837215826816687 0.7277738563131084 0.22580048342368017 0.7579521888323404 0.247754695540839 0.775196856295683 0.26056132509172475 0.8254939309758407 0.2569022781071122 0.8642944875878221 0.2294595304082927 0.8930356731193407 0.1910396766508937 0.9002209695022206 0.1416427866254317 0.8887244514340441 0.07760970866151952 0.8671685622854052 0.042848832098216695 0.848486967112193 0.015406084399397177
0 0.544735863617415 0.21327231295867155 0.5452673720435337 0.240436601571614 0.543830334694742 0.27336788485209407 0.5395191130094456 0.3099582151171868 0.5294597419289826 0.34654854538227936 0.5107779274779264 0.37765034006571147 0.47772552026111137 0.4087521347491436 0.42024314919807415 0.41789971731541675 0.3728202588544215 0.3813093870503241 0.35988670343745366 0.3447190567852314 0.35988670343745366 0.3008106325509136 0.3728202588544215 0.2550727197195478 0.39725022270064353 0.22031191294676136 0.4274284455809537 0.19835773572486068 0.4604808527977689 0.1837215826816687 0.503592631095047 0.1873806994567976 0.5337708539753574 0.19835773572486065
0 0.5824649329670377 0.22242563103647475 0.6271797069527927 0.22397102972189034 0.6860992250035436 0.24592513715327458 0.710529188849766 0.27885649022427106 0.7392703743812847 0.3191057976834599 0.7450185237764508 0.3538666393515046 0.7522038201593303 0.3922864582136453 0.7579521888323403 0.434365393850915 0.7493297454617474 0.47827374829471636 0.7306479310106917 0.4965689134272626 0.7004698177693033 0.5368184302580007 0.6559208924843117 0.5715791323450126 0.5826308913067233 0.5898742974775587 0.5308967792777739 0.560601991391175 0.5007185563974642 0.5130345899627609 0.48491081664399127 0.48376228387637693 0.482036741946408 0.4471719536112842 0.5064667057926301 0.3941160166012097 0.5337708539753574 0.3465485453822793 0.5395191130094456 0.3136172621017992 0.5294597419289826 0.29166304998464027 0.5366450383118623 0.25141374252545157 0.5553267431239964 0.23860711297456583
0 0.9022637112638396 0.39405034499528485 0.9490811164725086 0.4270472998816898 1 0.48376228387637693 0.9950669694673695 0.7179404534053833 0.9706370056211474 0.763678366236749 0.9260880803361559 0.7892915555480041 0.8772281526437117 0.8020983246799227 0.8226198562782574 0.7764849259971183 0.7866933743638591 0.7453832011042026 0.7507668924494608 0.7142814064207708 0.7090920418620524 0.6722025405740175 0.6875361527134137 0.6045104156254928 0.6904104466888402 0.5734087605230934 0.6990326707815896 0.5075460543811005 0.7191516322203589 0.4654671187438307 0.7507668924494608 0.434365393850915 0.7953155984566086 0.41789971731541675 0.8571091912049423 0.395945505198258
0 0.19978437242086441 0.4901601848122184 0.2348625902309162 0.5020574490089232 0.2592925540771383 0.5295001967077427 0.27653722154048066 0.584385692105382 0.24779603600896213 0.6246350693550872 0.23773666492849932 0.6374418384870056 0.21761781312865183 0.6667139352018404 0.1788172565166701 0.6886681473189993 0.1400165902657669 0.6886681473189993 0.11989784810484136 0.6484187700692939 0.10983836738545676 0.6136579981917658 0.10983836738545666 0.5642611779568201 0.12420896015121609 0.5349888020799198 0.1500760709851517 0.5112050315751965 0.17450603483137375 0.48925088924855387
0 0.002155913922840654 0.5610983999151933 0 0.9155282228787804 0.02361481079090064 0.8899149637770091 0.04804488427604477 0.8661313328533184 0.08253421920272962 0.809416279068115 0.09115666257332261 0.7728259488030222 0.09115666257332264 0.7234289889870439 0.08397136619044313 0.664884586185825 0.06816362643697035 0.6264646277426515 0.04517069993953983 0.5953628330592194 0.022177773442109187 0.575238179329625
0 0.4207689214686546 0.5016018324094725 0.47628848291231973 0.5221821725290342 0.5122149648267181 0.5551135953905473 0.5740085575750521 0.6228055807580392 0.5826308913067233 0.6813501231402905 0.5869421129920197 0.7307470131657526 0.5869421129920197 0.7655079944148301 0.5711343732385468 0.8075867206805505 0.5495784840899081 0.8460065395426912 0.5208372985583892 0.888085475179961 0.48347377929519936 0.9173577114758288 0.4288655925686671 0.9301644108172307 0.38431666728367586 0.9411414819805518 0.30384136972320785 0.9100396175066033 0.266477850460018 0.8460065395426912 0.2463589986601703 0.7984391381142774 0.2377366649284993 0.7270880359716565 0.24635899866017041 0.677691076155678 0.2607295914259299 0.6356122103089246 0.28228548057456887 0.6026808572379282 0.30671555405971285 0.575238179329625 0.33401959260351805 0.5441363846461931 0.3656349624715417 0.5203526141414696
0 0.6615163163662472 1 0.9332733767190357 0.9996859545722869 0.9318362297313221 0.9777318122456448 0.8096861912223681 0.8624722160781895 0.7737597093079694 0.8533246335119165 0.7234626346278118 0.8697903100474146 0.7076551141521827 0.8899149637770091 0.6760398539230807 0.9173577114758286 0.6616691515183997 0.9411414819805518 0.6516097804379369 0.9813907894397407
0 1 0.9100396175066036 0.9950669694673695 1 0.9490811164725086 0.9960269773781907 0.9634517092382676 0.9429709705775999