0 0.19873012966579856 0.00031746152847532806 0.18401995255339162 0.04218982575479717 0.1345044418862087 0.07645402982740164 0.09133698668202064 0.07264689066264035 0.07610136297548044 0.04599694071443491 0.06086583613405761 0.026961256993190262 0.08371922326130915 0.0015803393135831812
0 0.4336507645864336 0.04634920756022137 0.4938098055383011 0.04218982575479717 0.538246871835088 0.08660642110436802 0.5331683305995749 0.14625153680529868 0.4773046676042794 0.16528722052654332 0.4227105188364655 0.15386586354506834 0.4049356729447274 0.09295164901144956 0.4290586711645781 0.049804079879196196
0 0.7987301296657986 0 0.8772381674102441 0.004118458312307883 0.9102486370085231 0.05361121904395748 0.8924738879819019 0.10183494145572783 0.853115266055511 0.13102300435137706 0.7934426729173012 0.12087062517697249 0.7629714255042207 0.054880281568960264 0.8048692696158097 0.0015803393135831731
0 0.6321995456641754 0.15513486555726225 0.68552408333939 0.17290154726631296 0.7121862068793214 0.22239427169027728 0.6906025277097863 0.2591965887103255 0.6690188485402507 0.26300373997764853 0.6766367088260796 0.2833084741213342 0.642356531270085 0.2820394236988932 0.5966498538806988 0.26427279040008955 0.5864928682747894 0.22747044917491774 0.5953802427880999 0.18178482760802944 0.6283906155212611 0.15386586354506832
0 0.45587298680865584 0.30190476311577696 0.5153935815729538 0.3010751074201378 0.5572913288194253 0.323917918203582 0.5725269525259655 0.36833451355315283 0.5623698700549388 0.3949844998090436 0.5255505671788632 0.4203654114373698 0.4760349596465628 0.44955345012789544 0.42271051883646554 0.4025987539334426 0.4354068234926901 0.3404155010799446
0 0.1479364788721478 0.1923809535919674 0.22210886652206624 0.19193723098755763 0.26654593281885314 0.24269905424420998 0.25892816939814156 0.29726795615281476 0.21449110310135472 0.33407027317286303 0.17767180022527918 0.3315322207382281 0.14593103858471712 0.318841764924065 0.11799920708706944 0.26300373997764853 0.1256169705077807 0.22747044917491774
0 0.09873012966579861 0.3780952393062532 0.1738629669474822 0.42290346387200467 0.18021111927559447 0.4838176905081853 0.14593103858471707 0.5256961850128741 0.04689992038523368 0.52061998332311 0.03039468558609441 0.46478200678694065 0.03166429667869346 0.42924869177908637 0.04689992038523365 0.3899082981192795 0.10022436119533104 0.3810249693673159
0 0.29193854213130277 0.5130057291987109 0.3414541496636031 0.5789961091144086 0.3325667751502927 0.6145293757120157 0.2995564024171315 0.6500627391301173 0.264006710633655 0.6652911989686681 0.2157607141939536 0.6399102873403419 0.19544664611701743 0.590417490301007 0.2183000332442692 0.5244271587955566 0.26019778049074077 0.5180818824782278 0.29320825008901924 0.5104676283538289
0 0.0019047328404017587 0.6749206361316501 0.06086583613405759 0.660214997278904 0.09895475010273212 0.6894030359694296 0.10784212461604252 0.7414339338536466 0.08498883435390825 0.7668148454819729 0.07610136297548047 0.7858505292032175 0.04436060133491834 0.7883885816378525 0 0.7858505292032175
0 0 0.863809525020539 0.03928215696452226 0.8911813511889689 0.05070875366303072 0.9305217448487757 0.029125074493495492 0.9647859368188184 0.0011932429958478174 0.9946747518601644 0.002462854088446799 0.8703082461531684
0 0.20666663760230658 0.8127936520047545 0.26019778049074066 0.7967036121130718 0.31098299911564004 0.837313080400443 0.3147919292585545 0.9045724865334582 0.25892816939814156 0.9413748277586301 0.21830003324426908 0.9286843719444668 0.1776718002252792 0.8817296757500139 0.1776718002252791 0.8576177903390051
0 0.44683351705631624 0.7903583842059904 0.49000097226050404 0.7827441300815912 0.5407861908854034 0.811932168772117 0.5534824955416283 0.8411202074626426 0.5598306478697407 0.8779225486878146 0.5090454292448414 0.9083796135956578 0.458260210619942 0.9083796135956577 0.43794604567788853 0.8753844478429323 0.4239801299290644 0.837313080400443
0 0.7007596101808129 0.9946747518601644 0.6867935975668716 0.9642176385420741 0.7058380545512091 0.9185320169751857 0.746466384435316 0.8918820307192951 0.7756677301604459 0.8918820307192952 0.8162960600445528 0.9159939161303037 0.848036821685115 0.9451819548208296 0.8391492534415698 0.9718318926664732 0.8201047964572326 0.9946747518601645
0 0.9635730778186202 0.8030488400201534 0.9496072589349137 0.7637084221552232 0.9229449416647475 0.7294442059800569 0.8620026405688216 0.7294442059800569 0.8340708090711736 0.763708422155223 0.8277226567430613 0.8157392958343164 0.8569241961984254 0.8512725624319238 0.8759686531827626 0.8563487641216878
0 0.9399999709356398 0.6556507948618974 0.8708900150821318 0.6393420132687212 0.8581937104259072 0.5949254179191504 0.8810470975531589 0.5479706854170122 0.9077094148233251 0.5263969008508855 0.9610338556334223 0.5238588121085653 0.98896568713107 0.5733515849427767 0.9889656871310702 0.605077748683308 0.9648427857763369 0.6418800657033562