0 0.37575755163300806 0.06566164281899406 0.4209614808675934 0.09338778933139966 0.4388767876881563 0.1415987723068895 0.43887678768815624 0.20588011699833625 0.4019922662560406 0.21659360633199026 0.3798615694771465 0.23668151377651978 0.3450847028232584 0.19650572443055597 0.3324386133501407 0.17373941910951776 0.33349244073925444 0.13758117549212653 0.3345462681283683 0.09204859039314534 0.34824626539247594 0.0652647138004393 0.3809153968662604 0.07062148401036145
0 0.7011857466264204 0.017085428413633932 0.7423837390617439 0.021071340411260003 0.7602990458823067 0.06258632869547817 0.7887527873977599 0.09472698826965396 0.8108835645785302 0.11079729889942047 0.8098296567875405 0.1415987723068895 0.8245835618426377 0.18177458719594858 0.8077220020093127 0.20186249464047812 0.7908606029797397 0.2246287744184211 0.7666221710207418 0.21525443293683108 0.7413298312707542 0.18713135740587067 0.7202529618809737 0.21525443293683108 0.7181453071027462 0.16838264889959553 0.6917992203655206 0.09606616166481308 0.694960782934738 0.037141638269478854
0 0.8118576833853136 0.06398660094294716 0.8572526129145462 0.07062148401036142 0.8614680832747537 0.07463909359667205 0.8920294795684341 0.09874461062751219 0.9131063489582145 0.09874461062751219 0.9310216557787773 0.14561639466474777 0.9004602594850966 0.20721926485040026 0.8045604394400951 0.1148148957141835 0.8013990376746299 0.0826742361400077
0 0.8553359442548788 0.17453936476204263 0.897298696915879 0.20320169357873244 0.9036218220543142 0.27551815527041973 0.8751680805388612 0.31167637334471576 0.8456604312324182 0.32908588291273644 0.8214219992734203 0.3076588020730478 0.8066682550220751 0.2795357776282779 0.794022004745205 0.2688221861222431 0.7813759152720874 0.24739507973945926 0.7697837335899593 0.24605593188739533 0.7729451353554246 0.22730717229492975 0.7940220047452048 0.22061120314675325 0.8214219992734203 0.19382732655404722
0 0.8685111748214139 0.32529313360626366 0.8941371343466619 0.3264075361224182 0.9194294740966494 0.37327932015965376 0.9520985251685576 0.42149027759204843 0.9331294713607572 0.46300526587626656 0.9120526019709768 0.5058594786418344 0.8899218247902067 0.5138946722713605 0.846714178219656 0.521929814814696 0.8256373088298755 0.5018419073701665 0.8119374723695199 0.4536309499377719 0.8035066924528576 0.4322038180118929 0.8066682550220751 0.40943751269085465 0.8382835591067455 0.3692616978017956 0.8688449554004263 0.32640753612241824
0 0.9396574198807024 0.5195979912277042 0.974229302349328 0.5313041818393813 0.9910908621826532 0.5540704871604194 0.9900369543916633 0.5768367413952673 0.9868753918224458 0.602281546765195 0.9847677370442182 0.6491533308024303 0.935237126138985 0.7080777775684792 0.8857065152337511 0.6987034105437938 0.8330143417593007 0.641118086086714 0.8382835591067455 0.5326433552345404 0.9015141672760867 0.5353218552834299
0 0.8342555753484231 0.38224455739185836 0.8287988713990931 0.3371210765422626 0.7950759125361947 0.28757089462851837 0.7718913883681868 0.26346539036922584 0.7191992148937362 0.30364123080138 0.7149837445335288 0.3853320339746573 0.7560837363258516 0.4589876946045989 0.7919143499669775 0.46300526587626656 0.7929682577579672 0.4027415435426781
0 0.23741763068439142 0.4592964836900158 0.2354850463179015 0.44425658291308673 0.2249466116230111 0.42684707334506594 0.20492356962234462 0.40408076802402776 0.17857748288511927 0.37729689143132167 0.1438006162312311 0.36390495313496857 0.09427000532599775 0.4281862467402251 0.0984853952843291 0.5272866105677135 0.13853139888378618 0.5875503329013021 0.18279287284345058 0.575497670172489 0.22810809379035274 0.5313041818393813
0 0.25981552264750085 0.4609715255660627 0.32084635126613664 0.48711079567865445 0.36932313478225626 0.5607664563085959 0.38829234939380913 0.6103165871361499 0.37986156947714655 0.685311472247441 0.3619462626565836 0.6826331765433129 0.3029309640436978 0.6571883711733852 0.2776387850974621 0.646474830753541 0.24075426366534647 0.633082892457188 0.21335426913713118 0.6116558116174993 0.19860052488578567 0.5821936393206655 0.22494661162301116 0.566123200975423 0.25023879056924675 0.5179122435430282
0 0.37839259774631506 0.7139028488491449 0.36932313478225615 0.7509319903340469 0.36721548000402876 0.7670022754207182 0.3440308754341446 0.8138740594579538 0.32400783343347817 0.8540498743470127 0.3018771366545838 0.829944446717006 0.24918496318013306 0.8111957126676355 0.23548504631790143 0.7817333871122304 0.20597739701145848 0.7482535413713479 0.21967739427556618 0.6933466147907766 0.22600043901212497 0.6612059935312437 0.22494661162301122 0.6344221169385377 0.23653887370701526 0.642457361654254 0.2902848745705799 0.6478140552348907 0.29133870195969375 0.6571883711733854 0.3324386133501407 0.6719195339510879 0.36089235486559373 0.6906682169142679
0 0.39988461147781296 0.7750374179640539 0.44098452286825984 0.7951253254085834 0.47470748173115823 0.8165525084206527 0.47786904430037563 0.8741377817915423 0.46416904703626793 0.9437759222360066 0.4409845228682599 0.9893084307057021 0.37459235212970127 0.9598462073226776 0.3429770480450309 0.9290447083721135 0.32822322339180926 0.8955648626312309 0.31873861608603304 0.8620850168903483 0.35667704530913846 0.831283620112165 0.3788077420880327 0.7736982445688948
0 0.18471670841825186 0.6134003362863307 0.2217850490537937 0.641118086086714 0.21862348648457613 0.6933466147907767 0.2059773970114584 0.7348616030749949 0.17646974770501553 0.7495928169388878 0.12693913679978203 0.7884293562604069 0.0953238327151116 0.8085172637049364 0.055277748713778455 0.8058389169146182 0.013124009934217766 0.738879225432853 0.024716352420097763 0.6652235648029114 0.1079699221882294 0.645135657358382 0.15117756875877994 0.6371004637288559